time: 5.004593
0.5000027
0.9532607
0.9813176
0.2437276
0.7383593
0.9600077
0.3367468
0.06694469
0.8586402
0.7471811
0.02223971
0.4373474
0.9999051
0.4718857
0.003504843
0.5745691
0.9944646
0.4344082
0.002521425
0.5435064
0.9996495
0.5041635
0.001344651
0.438252
0.9922191
0.5860078
0.01673037
0.3379923
0.9533529
0.7424424
0.08323473
0.1914802
0.86924
0.8636187
0.1848015
0.08975732
0.7548654
0.9512261
0.3181995
0.01963529
0.6037521
0.9960226
0.4758843
0.0003642142
0.4401971
0.9902716
0.6498281
0.03518745
0.2806921
0.9282711
0.7915426
0.1196513
0.1449494
0.8245114
0.9051898
0.2405268
0.05191737
0.6859598
0.9779969
0.3904842
0.004276991
0.5269063
0.9997842
0.5563456
0.008738846
0.3676659
0.9709229
0.7072933
0.06399408
0.2257174
0.8931401
0.8386459
0.1605323
0.113658
0.7826126
0.9323336
0.2879652
0.03185511
0.6423882
0.9897845
0.4383544
0.000785023
0.4832277
0.9969423
0.5960724
0.01605356
0.3250726
0.9533283
0.7450181
0.08614326
0.1837326
0.8603945
0.8775886
0.2030075
0.07329816
0.7306759
0.9611974
0.3455673
0.02224791
0.5717416
0.9993209
0.4824373
0.002795428
0.4110822
0.9816446
0.6472321
0.04677716
0.2558419
0.9271899
0.7876596
0.1209501
0.1238214
0.7909214
0.9285944
0.2480772
0.04979321
0.649725
0.9875782
0.4068498
0.004171461
0.5309381
0.9999011
0.6099767
0.02484247
0.3160326
0.945857
0.7583958
0.0768598
0.2034936
0.8723002
0.8639649
0.185745
0.08224615
0.747834
0.9501561
0.3355921
0.009462237
0.5834575
0.9980414
0.4944538
0.001246601
0.4215561
0.9839728
0.657025
0.0424484
0.2618201
0.9191567
0.8088252
0.1334097
0.1287913
0.8274378
0.9191517
0.2629398
0.03920954
0.6533203
0.9867564
0.4271581
0.001272142
0.4908317
0.9970177
0.5926259
0.01885065
0.3319166
0.9567831
0.7425734
0.08295521
0.192793
0.8718237
0.8703936
0.1939036
0.08377224
0.7478108
0.9569638
0.3230538
0.0202913
0.5940028
0.9948337
0.4818957
0.002126396
0.4344245
0.9881415
0.6650674
0.04157746
0.2568747
0.9185922
0.7990329
0.1236145
0.1378173
0.8099262
0.9108801
0.2577671
0.04688415
0.658384
0.9819766
0.4086418
0.002313197
0.5078178
0.9987694
0.5735894
0.01426536
0.3558059
0.9584873
0.742183
0.0812524
0.1879915
0.8719895
0.8682929
0.1970835
0.08058959
0.7293789
0.9593753
0.344635
0.01564419
0.5817947
0.998444
0.501114
0.00172013
0.4189729
0.9861643
0.6578577
0.03540462
0.2604328
0.9193355
0.8012996
0.1312432
0.1360155
0.80819
0.917375
0.2598221
0.04264614
0.6658502
0.9822184
0.4138036
0.002047509
0.5142593
0.9983581
0.5804153
0.01511616
0.3383487
0.9604625
0.7358134
0.07908738
0.1940407
0.875237
0.8627515
0.1905064
0.08517689
0.7451226
0.956725
0.3318827
0.0155544
0.5858451
0.9982605
0.4959374
0.001713514
0.4315743
0.9864208
0.6594457
0.04104599
0.2677143
0.9236466
0.8031078
0.1296372
0.1850337
0.809549
0.9192784
0.2614933
0.04173976
0.6604595
0.9852043
0.4184027
0.00147751
0.5034771
0.9988008
0.5776241
0.01547474
0.3348337
0.9573076
0.739006
0.06295469
0.1921645
0.8669988
0.8690606
0.193171
0.083635
0.7355998